R1 = 1000;
R3 = 10000;
R4 = 15000;
C1 = 0.1e-6;
